134.88035583496
5766.876953125
132.41075134277
5758.3125
129.75175476074
5748.873046875
126.90362548828
5738.58203125
123.89660644531
5727.451171875
120.74594116211
5715.498046875
116.88290405273
5702.90234375
112.88970947266
5689.517578125
108.7399597168
5675.37109375
104.35485839844
5660.09375
99.7197265625
5643.69140625
94.834625244141
5626.166015625
89.71435546875
5607.51171875
84.359039306641
5587.728515625
81.142974853516
5566.19140625
77.693511962891
5543.59765625
74.025665283203
5519.94921875
70.126281738281
5495.251953125
66.0244140625
5469.50390625
61.721252441406
5442.7109375
54.143844604492
5416.87890625
46.717987060547
5391.5625
39.440643310547
5366.751953125
27.465908050537
5343.84375
11.879413604736
5324.490234375
-6.1970710754395
5309.375
-26.008071899414
5298.55078125
-46.607414245605
5292.09375
-65.677024841309
5287.169921875
-91.505393981934
5270.3515625
-116.63042449951
5253.896484375
-140.96551513672
5237.88671875
-164.41925048828
5222.509765625
-186.88818359375
5207.5859375
-208.32452392578
5192.916015625
-228.73168945312
5178.7734375
-248.04888916016
5164.55078125
-266.36297607422
5151.01171875
-283.58294677734
5137.12109375
-299.85760498047
5124.3203125
-314.97760009766
5111.689453125
-328.98358154297
5098.65625
-342.03399658203
5086.49609375
-353.99615478516
5075.12109375
-364.75225830078
5064.13671875
-374.26348876953
5053.05078125
-382.63824462891
5042.39453125
-389.88909912109
5032.734375
-395.78973388672
5022.392578125
-400.72564697266
5014.12109375
-404.18267822266
5005.54296875
-406.37567138672
4997.767578125
-407.09539794922
4989.224609375
-406.63641357422
4981.2265625
-404.95379638672
4973.73828125
-402.46746826172
4969.40234375
-399.22662353516
4966.27734375
-394.97076416016
4963.34375
-389.63201904297
4960.21484375
-383.44195556641
4957.9453125
-376.12725830078
4955.31640625
-367.92144775391
4953.337890625
-358.59930419922
4950.94921875
-348.31732177734
4948.7265625
-337.13665771484
4946.9765625
-333.82269287109
4950.0849609375
-326.95208740234
4951.8740234375
-322.02728271484
4955.251953125
-312.35552978516
4957.76953125
-305.23602294922
4962.046875
-291.51702880859
4965.6171875
-280.84588623047
4970.5512695312
-260.92352294922
4975.7368164062
-244.39630126953
4980.2880859375
-214.88165283203
4987.9697265625
-189.91368103027
4993.013671875
-145.4886932373
5001.98828125
-108.41455841064
5009.5493164062
-20.917594909668
5027.3940429688
34.08763885498
5039.4331054688
195.84857177734
5074.8374023438
277.62377929688
5093.55859375
559.45404052734
5158.078125
882.87982177734
5232.1206054688
1205.5864257812
5305.9995117188
1528.29296875
5379.8784179688
1850.9995117188
5453.7573242188